epoch,accuracy,loss,val_accuracy,val_loss
0,0.9706249833106995,0.08552172780036926,0.9350000023841858,0.11565490067005157
1,0.96875,0.08775582164525986,0.9925000071525574,0.03612416237592697
2,0.9750000238418579,0.0785108208656311,0.9800000190734863,0.07113339751958847
3,0.9768750071525574,0.06811732798814774,0.987500011920929,0.0429733544588089
4,0.9737499952316284,0.07802886515855789,0.9975000023841858,0.01865120232105255
0,0.965624988079071,0.09579965472221375,0.9549999833106995,0.109346903860569
1,0.9743750095367432,0.07534537464380264,0.9649999737739563,0.09386903792619705
2,0.9750000238418579,0.07472123950719833,0.9925000071525574,0.03369133174419403
3,0.9768750071525574,0.07434990257024765,0.9900000095367432,0.02889135666191578
4,0.9762499928474426,0.0760461688041687,0.9825000166893005,0.058155082166194916
0,0.9775000214576721,0.07543563097715378,0.9725000262260437,0.07466603070497513
1,0.9731249809265137,0.0748746246099472,0.987500011920929,0.04580249637365341
2,0.9768750071525574,0.07290483266115189,0.9900000095367432,0.03800971806049347
3,0.9750000238418579,0.06869887560606003,0.9850000143051147,0.050783805549144745
4,0.9806249737739563,0.06584884971380234,0.9900000095367432,0.02945089340209961
5,0.9706249833106995,0.08377920091152191,0.987500011920929,0.03818182647228241
6,0.9781249761581421,0.07015025615692139,0.9900000095367432,0.03301282972097397
7,0.9750000238418579,0.07338932901620865,0.9925000071525574,0.024541057646274567
8,0.9762499928474426,0.07482749968767166,0.9925000071525574,0.03428703173995018
9,0.9781249761581421,0.06558892130851746,0.9900000095367432,0.02202998846769333
10,0.9775000214576721,0.0671759843826294,0.987500011920929,0.018951550126075745
11,0.9793750047683716,0.06573732197284698,0.9850000143051147,0.04288719221949577
12,0.9806249737739563,0.06381877511739731,0.9925000071525574,0.01984047144651413
13,0.9781249761581421,0.06578589975833893,0.9925000071525574,0.017878537997603416
14,0.981249988079071,0.06714580208063126,0.9925000071525574,0.02341495268046856
15,0.9743750095367432,0.07470995932817459,0.9900000095367432,0.02895020879805088
16,0.9750000238418579,0.07146354019641876,0.9925000071525574,0.03716668859124184
17,0.9850000143051147,0.059462785720825195,0.9925000071525574,0.022321805357933044
18,0.9762499928474426,0.07033202052116394,0.9950000047683716,0.013384666293859482
19,0.9756249785423279,0.07623175531625748,0.987500011920929,0.03235452622175217
0,0.9791666865348816,0.057797323912382126,0.9962499737739563,0.019651155918836594
1,0.9825000166893005,0.06135902553796768,0.9850000143051147,0.032683372497558594
2,0.98416668176651,0.056974347680807114,0.9937499761581421,0.026283452287316322
3,0.9775000214576721,0.06778799742460251,0.9825000166893005,0.03761852905154228
4,0.9733333587646484,0.06737817078828812,0.9937499761581421,0.02019345574080944
5,0.9775000214576721,0.06776799261569977,0.9912499785423279,0.03540227562189102
6,0.9825000166893005,0.05968094617128372,0.9937499761581421,0.020717808976769447
7,0.9866666793823242,0.05122769623994827,0.9962499737739563,0.01857183128595352
8,0.9750000238418579,0.07114645838737488,0.9912499785423279,0.02940327674150467
9,0.9766666889190674,0.06360039860010147,0.9937499761581421,0.024577036499977112
0,0.9758333563804626,0.07176434248685837,0.9925000071525574,0.0232931450009346
1,0.9783333539962769,0.06222737580537796,0.9975000023841858,0.016968972980976105
2,0.9775000214576721,0.06488684564828873,0.9975000023841858,0.014500685967504978
3,0.9800000190734863,0.06187247484922409,0.9962499737739563,0.01841943897306919
4,0.9683333039283752,0.07964221388101578,0.9975000023841858,0.018363362178206444
5,0.9783333539962769,0.07015267014503479,0.9962499737739563,0.018953384831547737
6,0.9825000166893005,0.05982891842722893,0.9962499737739563,0.015080297365784645
7,0.9758333563804626,0.07536341995000839,0.9950000047683716,0.018450023606419563
8,0.9866666793823242,0.05209909752011299,0.9887499809265137,0.01846478506922722
9,0.9766666889190674,0.06270086020231247,0.9962499737739563,0.018854336813092232
10,0.9850000143051147,0.06060468778014183,0.9962499737739563,0.016845492646098137
11,0.9775000214576721,0.05981309711933136,0.9962499737739563,0.016390496864914894
12,0.9733333587646484,0.07164085656404495,0.9950000047683716,0.020304333418607712
13,0.9816666841506958,0.06395109742879868,0.9937499761581421,0.02051081880927086
14,0.9775000214576721,0.06441319733858109,0.9937499761581421,0.02152237482368946
15,0.9816666841506958,0.05684078112244606,0.9962499737739563,0.02084524556994438
16,0.9775000214576721,0.06923408806324005,0.9937499761581421,0.025917362421751022
17,0.9833333492279053,0.05608292296528816,0.9925000071525574,0.01957201212644577
18,0.9725000262260437,0.07386977225542068,0.9950000047683716,0.01817372255027294
19,0.9825000166893005,0.0581151507794857,0.9387500286102295,0.18386085331439972
0,0.9783333539962769,0.06462010741233826,0.9937499761581421,0.025525158271193504
1,0.9800000190734863,0.056965865194797516,0.9925000071525574,0.027974247932434082
2,0.9733333587646484,0.07225119322538376,0.9962499737739563,0.016378646716475487
3,0.9850000143051147,0.053838327527046204,0.9962499737739563,0.017628634348511696
4,0.9775000214576721,0.06876862049102783,0.9962499737739563,0.017106961458921432
5,0.9691666960716248,0.07916576415300369,0.9987499713897705,0.020215827971696854
6,0.9775000214576721,0.06346366554498672,0.9912499785423279,0.025142773985862732
7,0.9800000190734863,0.06421614438295364,0.9925000071525574,0.020893607288599014
8,0.9766666889190674,0.06893489509820938,0.9900000095367432,0.040822211652994156
9,0.9800000190734863,0.06055006757378578,0.9962499737739563,0.017970198765397072
0,0.9750000238418579,0.0712561160326004,0.9959999918937683,0.022932300344109535
1,0.9819999933242798,0.06154787912964821,0.9940000176429749,0.029343370348215103
2,0.9789999723434448,0.06160340458154678,0.9890000224113464,0.04547402635216713
3,0.9760000109672546,0.06863502413034439,0.996999979019165,0.022443776950240135
4,0.9810000061988831,0.0648164227604866,0.9940000176429749,0.026818973943591118
5,0.9810000061988831,0.06375761330127716,0.9940000176429749,0.03130217641592026
6,0.9769999980926514,0.07178720831871033,0.9950000047683716,0.020853865891695023
7,0.9810000061988831,0.05930176377296448,0.996999979019165,0.021262265741825104
8,0.9750000238418579,0.07034729421138763,0.996999979019165,0.02079189382493496
9,0.9769999980926514,0.067628413438797,0.996999979019165,0.020261919125914574
10,0.9879999756813049,0.04798286035656929,0.9950000047683716,0.01699434034526348
11,0.9760000109672546,0.07045387476682663,0.9959999918937683,0.029515016824007034
12,0.9810000061988831,0.0637090653181076,0.9959999918937683,0.01887650042772293
13,0.9769999980926514,0.06910702586174011,0.9760000109672546,0.07874646037817001
14,0.9739999771118164,0.07018978893756866,0.9959999918937683,0.018776513636112213
15,0.9879999756813049,0.051509734243154526,0.9810000061988831,0.04661652445793152
16,0.9819999933242798,0.059888433665037155,0.9940000176429749,0.02707253210246563
17,0.9879999756813049,0.05018205940723419,0.9940000176429749,0.02081034891307354
18,0.9800000190734863,0.06371042877435684,0.9919999837875366,0.031751859933137894
19,0.9769999980926514,0.06650099903345108,0.9900000095367432,0.027977734804153442
20,0.9760000109672546,0.06975597143173218,0.9919999837875366,0.020166369155049324
21,0.9739999771118164,0.07135724276304245,0.9929999709129333,0.01613079570233822
22,0.9850000143051147,0.05787133798003197,0.9959999918937683,0.022847872227430344
23,0.9850000143051147,0.054486412554979324,0.9940000176429749,0.01785661093890667
24,0.9760000109672546,0.0687999576330185,0.9929999709129333,0.031249770894646645
25,0.9819999933242798,0.06047726795077324,0.9959999918937683,0.01794220693409443
26,0.9860000014305115,0.048557743430137634,0.9959999918937683,0.018864253535866737
27,0.9789999723434448,0.06638097018003464,0.9929999709129333,0.025595061480998993
28,0.9800000190734863,0.060008760541677475,0.9959999918937683,0.015585525892674923
29,0.9810000061988831,0.06042928993701935,0.9959999918937683,0.016814691945910454
30,0.9789999723434448,0.05772072449326515,0.9919999837875366,0.020873434841632843
31,0.9829999804496765,0.054423991590738297,0.9940000176429749,0.01833309791982174
32,0.9760000109672546,0.07313408702611923,0.9959999918937683,0.019990742206573486
33,0.9810000061988831,0.06050163134932518,0.9929999709129333,0.023230530321598053
34,0.9789999723434448,0.0651896521449089,0.9909999966621399,0.021583566442131996
35,0.9800000190734863,0.062551349401474,0.996999979019165,0.01471380703151226
36,0.9829999804496765,0.05346198007464409,0.996999979019165,0.01589195802807808
37,0.9729999899864197,0.06974489241838455,0.9860000014305115,0.028927847743034363
38,0.9810000061988831,0.05896971374750137,0.9959999918937683,0.019761715084314346
39,0.9810000061988831,0.06086079403758049,0.9919999837875366,0.030435092747211456
40,0.9779999852180481,0.06490648537874222,0.9929999709129333,0.01963108964264393
41,0.9750000238418579,0.07210426032543182,0.9300000071525574,0.45597949624061584
42,0.9710000157356262,0.07903175055980682,0.9639999866485596,0.14068280160427094
43,0.9789999723434448,0.06661970168352127,0.984000027179718,0.036923348903656006
44,0.9810000061988831,0.057635676115751266,0.9900000095367432,0.024419620633125305
45,0.9810000061988831,0.06064905971288681,0.9480000138282776,0.1973871886730194
46,0.9739999771118164,0.08064177632331848,0.996999979019165,0.01704888418316841
47,0.9789999723434448,0.06280189007520676,0.996999979019165,0.014836043119430542
48,0.9829999804496765,0.05800168588757515,0.9940000176429749,0.01863235794007778
49,0.9800000190734863,0.05627435818314552,0.9940000176429749,0.024307576939463615
50,0.984000027179718,0.05846377834677696,0.996999979019165,0.020025672391057014
51,0.9760000109672546,0.06849271059036255,0.9959999918937683,0.018466977402567863
52,0.9760000109672546,0.07351222634315491,0.9890000224113464,0.0327187106013298
53,0.9829999804496765,0.06317628175020218,0.9879999756813049,0.02764858305454254
54,0.9779999852180481,0.06789080053567886,0.9959999918937683,0.020725371316075325
55,0.9800000190734863,0.06625194847583771,0.996999979019165,0.019858984276652336
56,0.984000027179718,0.05164404958486557,0.9940000176429749,0.03611117973923683
57,0.9760000109672546,0.06897769868373871,0.9950000047683716,0.029205050319433212
58,0.9750000238418579,0.06948346644639969,0.9950000047683716,0.030883846804499626
59,0.9829999804496765,0.06296314299106598,0.9959999918937683,0.019339315593242645
60,0.9819999933242798,0.0566721111536026,0.996999979019165,0.01752336509525776
61,0.9860000014305115,0.05216209962964058,0.9929999709129333,0.019918104633688927
62,0.9800000190734863,0.06739595532417297,0.9959999918937683,0.01700214296579361
63,0.9789999723434448,0.06882638484239578,0.9710000157356262,0.07246434688568115
64,0.9869999885559082,0.05098356306552887,0.9959999918937683,0.01745203696191311
65,0.9869999885559082,0.05236916244029999,0.9950000047683716,0.019850680604577065
66,0.9810000061988831,0.05705098435282707,0.9959999918937683,0.016895482316613197
67,0.9789999723434448,0.06727499514818192,0.9929999709129333,0.0213483814150095
68,0.9769999980926514,0.06749662756919861,0.9980000257492065,0.012326177209615707
69,0.9810000061988831,0.058574073016643524,0.9810000061988831,0.05009425804018974
70,0.9850000143051147,0.05444861575961113,0.9700000286102295,0.06840305775403976
71,0.9810000061988831,0.05869697779417038,0.9990000128746033,0.013247506693005562
72,0.9789999723434448,0.06425609439611435,0.984000027179718,0.03270765021443367
73,0.9779999852180481,0.061728786677122116,0.9959999918937683,0.01640211045742035
74,0.9829999804496765,0.055773209780454636,0.9929999709129333,0.01841716840863228
75,0.9829999804496765,0.054654642939567566,0.9639999866485596,0.1194319948554039
76,0.9670000076293945,0.08240897208452225,0.9350000023841858,0.3865472972393036
77,0.9769999980926514,0.06533743441104889,0.996999979019165,0.017426440492272377
78,0.9670000076293945,0.08503777533769608,0.9900000095367432,0.02275952883064747
79,0.9819999933242798,0.05961198732256889,0.996999979019165,0.014922814443707466
80,0.984000027179718,0.05487212538719177,0.9950000047683716,0.01796100288629532
81,0.9769999980926514,0.06496801972389221,0.996999979019165,0.013680725358426571
82,0.9829999804496765,0.053627364337444305,0.9850000143051147,0.044745028018951416
83,0.9769999980926514,0.0696469247341156,0.9959999918937683,0.015796316787600517
84,0.9800000190734863,0.061973027884960175,0.9940000176429749,0.03381243348121643
85,0.9829999804496765,0.050370994955301285,0.9959999918937683,0.023560905829072
86,0.9779999852180481,0.0627574771642685,0.9950000047683716,0.026643365621566772
87,0.9829999804496765,0.05837417021393776,0.9869999885559082,0.03737851604819298
88,0.9829999804496765,0.0566818006336689,0.9959999918937683,0.017720308154821396
89,0.9789999723434448,0.0597541369497776,0.9950000047683716,0.027546115219593048
90,0.984000027179718,0.05359179899096489,0.996999979019165,0.014513378031551838
91,0.9860000014305115,0.047347716987133026,0.996999979019165,0.013479486107826233
92,0.9769999980926514,0.06216248497366905,0.9779999852180481,0.06669057160615921
93,0.9800000190734863,0.0662863627076149,0.9950000047683716,0.01650138571858406
94,0.9779999852180481,0.06496778130531311,0.9959999918937683,0.01766631193459034
95,0.984000027179718,0.05167143791913986,0.9879999756813049,0.038756098598241806
96,0.984000027179718,0.05205508694052696,0.9940000176429749,0.016956545412540436
97,0.9890000224113464,0.049474649131298065,0.996999979019165,0.014205645769834518
98,0.984000027179718,0.05290887504816055,0.9940000176429749,0.01891058124601841
99,0.9819999933242798,0.05578472465276718,0.9980000257492065,0.01525949314236641
0,0.9759374856948853,0.0754871591925621,0.9937499761581421,0.02147243544459343
1,0.9778125286102295,0.06632356345653534,0.9487500190734863,0.20240488648414612
2,0.9803125262260437,0.05902436748147011,0.9912499785423279,0.037375837564468384
3,0.9775000214576721,0.0670856162905693,0.9975000023841858,0.02502140961587429
4,0.9768750071525574,0.06611265987157822,0.9887499809265137,0.06852373480796814
5,0.9778125286102295,0.06176706776022911,0.9950000047683716,0.03236748278141022
6,0.9793750047683716,0.06341126561164856,0.9787499904632568,0.07666980475187302
7,0.9762499928474426,0.06871315836906433,0.9512500166893005,0.2198430448770523
8,0.9775000214576721,0.06456790864467621,0.9962499737739563,0.0233237836509943
9,0.979687511920929,0.062069691717624664,0.9850000143051147,0.043789900839328766
10,0.9778125286102295,0.06585687398910522,0.9825000166893005,0.06662103533744812
11,0.9775000214576721,0.06774260103702545,0.9950000047683716,0.02338569238781929
12,0.9793750047683716,0.06261324137449265,0.9950000047683716,0.02033621072769165
13,0.9784374833106995,0.06545469909906387,0.9950000047683716,0.028888074681162834
14,0.981249988079071,0.06258219480514526,0.9762499928474426,0.09141025692224503
15,0.9803125262260437,0.05879049748182297,0.987500011920929,0.0507388561964035
16,0.9800000190734863,0.060883063822984695,0.9962499737739563,0.022892970591783524
17,0.9850000143051147,0.0539792999625206,0.9962499737739563,0.022888798266649246
18,0.9768750071525574,0.06676320731639862,0.9912499785423279,0.03476010635495186
19,0.9800000190734863,0.06280630826950073,0.9825000166893005,0.05218691751360893
